-5924072472339080133,null
-465170148723202428,null
-5117026743192130965,531931
7994254919557527212,790453
-5957095411861898554,731881
3668501615985905376,null
4834881207064575884,null
-7092456589066423802,750588
-3146205375553721073,null
-2553917141268173430,641750
3253669328839566398,731739
4275702452056580088,null
-5544386789506457458,null
7790719408749689164,null
-2483186181999972240,null
4215424240198239748,null
3782053397777865200,142007
3306761527802432116,null
1657063494682177117,null
3890843741363765415,820642
5115015197676887954,null
-8148238205909928703,760315
2715886031453875484,null
6696071535457495277,null
-7519025583733868069,null
3346916948412379,641859
687379969763459741,545209
3405288941162824907,null
-5501189366993352484,null
-7684487504446422365,null
-4441846133064845889,null
6868676453405597177,790414
-7387643040447703517,null
1454832984579132344,751492
-451493566817383923,null
1762283233916181552,null
-1584613077848175471,820119
3298314723931324267,820210
-4023256350611869495,540312
-8834440121101267308,null
4202523134778881588,null
8783249343783240325,820665
9135225815695990388,681754
-4740363925570332648,null
2226432125937758615,551141
-2677305585997487831,540200
-8783769341504791380,820131
-1542341973263529078,313081
1432894528121147164,541133
8867969695380104227,null
-5823029900498772478,null
-2930131989553855777,511649
403050393923648913,540215
-2063901402731558571,null
5848810024359506038,null
-4597220925148387057,750508
1825624115761988381,null
7185148156538633423,530988
3761796374815285182,540266
-8407645247621680629,730681
-7386831024289152980,462062
-7162822229926374368,null
-6715141160479509230,411660
8000461943788511324,551512
4050465115828242651,null
6953825306283231383,521701
-7751803985646415790,311004
-8401490660162698519,null
3160404330704596758,511635
-7288726949044248898,null
4243029954185492805,null
-603915041495798605,null
-6784480225783184888,372052
5786053658180534817,511473
-4148678037844645010,606288
2935572023924721046,462002
9079838964234485533,560588
-4386670004381144251,null
-3134057778900138989,730691
-8978187476098262616,671177
1166081165486710815,null
8854049419857396508,null
1587481026273474993,null
-5352471958674972985,571212
4890367871438173922,551550
649375003035402061,524496
597536291252245633,null
-2138467368853265912,null
6090484432703773227,null
4544444114497347161,null
8872082588216144674,820128
-31693624909578128,null
5222570944806874927,null
-6102308338989617761,null
-2495272227509746775,null
-2978844885310726061,640663
-6895347021608971411,null
-7925270460757280876,null
-7991933271718478790,null
9098602826544718087,411649
7916220781444502610,null
81979408848361841,511235
-2122916983293252820,null
2109334613199183107,null
-4801034929912839689,681661
-9026254505408391177,null
-218083927989177057,750592
5575213861630859183,null
-2296354647778428491,751330
-527824272177714205,680801
6302473841071157772,null
-719805312621847672,521716
-6246513582587093930,null
-5292300818137770937,545188
-3015788575471105055,522450
-6432344873855291646,null
8512401516862750960,731546
3230909272045270829,761840
-7818794244157375822,731521
1650771033378749314,141171
-6225176142411336342,null
-6485465253484689340,521492
4954027048595357249,null
-6605332762248189290,600132
-3249736191260508672,null
-6474279471602039481,411145
-6380677146112634894,540118
3109538003212420750,190013
-2894891293201656371,521256
-9030249864840563484,null
4720767032090871491,601022
-8075433888553028321,null
-3986288139030365984,141085
6183328569251262435,441035
-3016012494426023903,731787
202551981772284463,null
-4570877790941608837,null
7831558644483630757,null
-6845964013427928195,null
-65003463747472504,820199
2326037215403223480,540257
7525197864106746985,null
-5852805806894343343,null
5010732759064833540,null
4454876109692849764,null
-2855257445555656619,641832
-2283272141153821267,null
-2412000226085025011,650631
-3959720343702570765,751424
1591460232423625824,641854
-1875160970716989353,760430
8756560809020272368,null
3245475312878427610,671513
-4082275791197395152,null
6284211279530993456,null
902256598112219786,null
-3350054092576424320,571231
8381985763384609843,null
-8692381243224563093,null
-7642250198654293598,null
-2208505678112560114,461114
5384513057806072673,820271
-2608095850162181441,null
-8719915489370725263,null
2068785206026512748,null
-1032221897740965648,null
-3613649921895993688,null
-6902943753867883006,null
8960886025207402109,561132
-5781457850314147817,null
-6449546891458969565,142037
-379310053175612219,null
-2217353557361489720,null
-1383753798702295808,null
-3711411616407192778,null
3481060303090508683,731622
7016122572486969328,790406
-3093548208997042907,381050
-41214157224254683,null
2541307196984249873,379497
6521483195781787888,411637
-4411000381038372596,100105
-7208253181318482647,null
2560716216865846237,460219
2459976085236852745,150163
-6104290006619374653,790440
6522522607343851022,671529
-8014604692639199534,null
4983270047204668033,null
-4332761850155564124,null
1493005723763456404,null
-1551058768345289642,141061
-3013371769807394457,null
7412480482063432191,611183
-301948328978780267,null
-6639298795483638842,571022
-4191732722911886179,640679
1103216213010985357,391093
3116340823176083786,200031
-85379719543695956,540261
7095330808640815649,null
-2998442247764980288,null
-5467281100699501556,null
3343472264134333772,null
-1659696010990065917,733717
1882814520922614529,null
-7977775951541171839,null
-8018988365041359329,null
3021385776506065971,null
-7778791886389172630,541236
2893622890232662359,null
422945925480984612,540295
-4126805118494771859,541241
5233401737318183383,null
-815165989390035318,null
5369393974734015338,null
1902671540117071536,null
-5124494936287813840,null
8834706986116724248,761797
-2720593595375847354,610140
3870459187427806784,null
-8564933071808032860,null
5308628013288292792,null
-7762151137984303418,null
423747434679383745,750506
7969342401406715073,null
-4079326539095507320,463035
2207384499892620614,681771
5977113277712228301,null
9144700818722818694,null
-1774033314989387633,null
7010119059860061924,540201
-7818766310451617788,680683
391577727184007107,null
-7885350310309328656,null
596551809962781626,null
3170991375444637010,641617
-3729915410979883513,null
-4049036038534983300,610337
-2415265956109002797,null
3322258489749740064,820614
3165895724042245168,null
8509873249550084223,082006
-5183482513498539845,562104
-7420119493813883860,null
4803204867166779642,null
-8904136683055463021,760504
5619096075090324666,null
6762848749646682996,540329
-4854281045852249486,null
4578540996196758349,null
7090890366585156919,530984
-1882591698579369479,532002
-4411965510352593484,402002
1721088241634814743,151037
6547450329265694771,null
3306268610653922253,462030
6670414450512501903,null
3129743391772020536,null
-2799975681275208223,null
3994227541917659714,null
-8031057392740715448,521311
-7344767265891508114,611121
-4334469440361799598,471769
8744083036263829139,null
9081863687999979741,650443
-9150925343610054372,null
-2936811969964219911,543191
-4925159149143552651,null
-5975828348391575619,641208
8261265374638304059,511231
6474525495758376604,null
1023081362972023659,640180
-4199172945003869352,null
-4678444158556779152,160054
-629031004806608095,null
-3040568930173938546,731649
-4767645654284702402,null
5332762861427524936,143053
-4585665162471571356,210665
7544041367254352142,null
3660601413937037133,null
8535057855782446802,null
6919353442199106801,null
5254983881591694244,null
-5070532157741319685,null
8199578417509470557,521364
-1834625979568034330,311261
5020532821073806538,521384
5701992219380365965,540303
-5323064510065823714,680488
6462286579832694603,null
-6857029007582040557,null
6040162070716531806,142057
-4813132971700950244,null
-1797616108694499808,511586
-6925645588685031031,650451
-6920300280504257607,null
-2406925805861103217,null
-8754553225548925156,151129
-7453933325224450204,null
8274264366649497818,521340
-8427508885299607977,449316
7661333772508147306,680476
7354288539866124379,null
-4124882376909763134,540290
6689429539926907750,null
-413092986353354960,461513
-4988942705130483647,640650
7460923082284135395,null
-6310068428209757156,null
7213504600841692308,820677
-254368687558585597,273005
-7961518770903279481,null
2495022501651150070,null
-5750057154284618866,null
948131113071082617,null
-1544699200014677269,091003
-6505072382175916336,820169
7315757562614981583,731866
8852826375251569950,null
-8790287325659208630,null
-3365188382928664458,570505
-3572277853664304755,751406
-7672006046612859685,143078
1778287089846586992,531909
-5313667247730514073,200814
4872357048326671257,null
3728094043297717483,540278
6190867501683320599,541126
1828387158917851274,091023
-2319818478226363945,311003
-8821275550351905539,820180
8526056668025814803,732891
3145229271065452388,null
7238324610898175617,601282
-3646175891841766515,null
-9053639797744051849,161119
5088462811435406765,null
-3906843650050790218,522870
7197885535435357701,null
-7143733564071736031,322019
8170956257875000134,null
1653589380784787601,null
-5794194118790036515,790432
-230903985734265495,750505
-3186449739989465873,null
2630163348470056784,570514
-5557581553029085163,null
6164573565604257878,820633
6469948563444358111,561347
-145576245077428101,null
-5657268800856350131,null
2047901141492538449,731888
6277750448821328784,520522
3521840600014305817,null
-6693596984253297875,null
3974092776975679909,392056
-762766436714653357,460184
-7990621556800564346,531850
-5216627600276707963,511149
-1754990712298620669,null
-1373327817948624739,731883
1564982521824929085,null
-7243714761441912724,561255
-6065074056477113995,730688
-4180465474865729221,521823
-1489602380156551879,null
-4293672536060533927,null
-2281443522884045088,820612
501365714389212638,640657
6446434518183528892,561613
1821617293273904805,null
2697406955178645703,760676
-2719698318954761699,null
-7728504292811663880,511578
7140631856424085215,091016
2878356583800962382,null
-2619594722486682723,null
-7417988588212106525,null
2012825811840176649,670632
328974444700021359,null
-1621397071285658024,null
7330393644862405798,null
7075963082523379272,null
-2999525895818056864,null
-4917364565448765589,null
5409959227802232621,680475
5998390812482584928,null
4541153534422654683,null
-560121909790830785,671442
7448992509730572866,601372
2756476195695337744,641505
6742663137160643700,530473
4750558382451837855,null
-4419438055501929528,681610
1211025001604171186,null
-5733937169535672171,null
-5887888557879421102,null
6482570981801911446,080108
-6661507292240583763,null
1350428548112215801,null
7970468768194302735,null
6017589532558575917,165002
7217713482690833781,null
1839399064492662358,730305
5957487447131713263,null
-60274480676974952,760501
-2509629123132960206,null
8313394890111220296,null
-3947445587204405952,681511
2808456457192569743,null
4917183861789920999,790450
3530222895132448413,760431
1285119660545992657,730548
-2706891798525524383,null
4382238555819536881,null
-8217512713018691021,null
3384184651923953545,371066
-6833155416226085889,null
897882256614760368,681792
5976137718628796315,null
3196993138819685367,null
7061967841918177242,null
7851865382410370193,null
2070222550994930070,520031
5007526330374723044,null
2631384978943713363,150119
-7779448210368960984,null
8549006901055018557,null
-6219062386685801277,null
-5310801141942106465,null
-727772632360572220,531574
8103154866446147064,null
-5489628419888865513,null
7988989283388679191,521202
510295954287695539,680309
1366802764747668627,680689
3111168772790877607,null
1363132180231694460,681533
-4518525365756300637,391049
5250163364434941326,null
7246457549264402059,751335
-7152107376762699935,null
8825703680706446874,null
1075147126732253151,820310
3873000117674826273,null
1062112683234506575,531830
-1785656501372512579,640684
-676395192319323847,531548
-2014733301887857929,101052
755041805391332224,321113
159451877605049960,null
3534681694381651814,null
-3976028320459754981,null
6533728400710586706,null
-4041041630459766874,null
-740353952595356315,640273
-204002619227313778,null
-7895222829154845494,761456
5588739117516889940,null
-5580987482202275016,null
-5030274390605461314,null
472282138878252734,651628
5620232431776681720,null
7314923675400920379,511601
-7831297420866855338,null
7712102560203045010,650448
8674648307762136813,331049
-4727906887141175115,null
7583525661882238823,571246
4388001966594159452,null
-6611359638475039047,null
-788077467849027527,640651
7053521564922550939,731509
-5241724180980845268,null
-3024328338469245503,750129
7109514715242293237,610138
3673247043210764626,null
4608636532306303409,560596
4353290934134302116,538699
2948422399223198766,731517
7770341457587035785,null
5166236398604400728,null
1031077688735887068,462034
-1939486649135258020,681251
7644169411654062786,null
-8803691822930738978,null
7070465454961305782,null
2784404005696422772,681154
7287859035136297392,null
2522480181245108889,null
-3526025018970088178,null
-2214176060302348410,510258
-4552408269289957457,null
4393832917700979992,671521
6047512460307625945,540323
2649056325100858895,820101
-2057577940362799728,null
4060498247332948349,150074
-2111982795651369228,731007
-6450190398314038975,null
-6158389789829929802,210671
5549348989368257694,null
-6036609742430247306,null
-289217800590606098,521330
-6422466109882798528,330010
3668856095862280663,730685
6941652366002696820,null
100964166404639061,null
-4508741167095163327,null
1130343496249867551,null
-6467551747973189205,681541
-5919984863929691846,null
-2345271285430470983,461013
5307626880446131816,141148
-4719823931320862614,null
-1612438009851869751,null
-1898420338415473,null
-4881990908523031586,371028
-1246632767420386254,null
-170411353821202497,760342
-6065772729851623200,311128
-4748644090651728729,162044
-8892596028706105755,null
-4238139275826804663,473613
-9063392575255647838,null
-570743276359473494,null
5563611424190901564,null
4319339041470177122,511135
-2881488765508521331,530980
-795773539794162155,311156
-1876193444802028169,null
2956571645202914905,null
3039448849929191488,null
-5087756269025340147,540305
5266215542430399284,732002
1403303605263423920,520507
1645188238993604300,150064
-3842216167259303319,null
3365041452302225191,null
1925148158550916328,null
240810930097120556,null
394924372073071146,671518
3894472678796074771,null
1308560451182656881,null
6868423718613883706,143056
-8155321913759523310,null
-7698143757190463314,null
8969927800023001277,520882
-6654838224298420463,null
2726208363087190025,null
-6270241906450816346,540297
2578041127995174737,null
-9042869499941492469,null
-8011825442011185714,null
-6413815972570965296,null
6674420601195843843,null
-4942243792737868793,641257
-3240910955448129508,681625
8445880824658480002,null
5157622904945210349,null
4725003678866710902,180261
-3979494748908452874,null
8478705969506009225,null
-7647337666182716692,null
434116915865868370,null
-8777215032116963746,271018
-1909095523650668340,null
-5793747482581064511,571152
-6416779517903454510,521390
-4068163929353498799,null
2530775402636360159,820207
-7858386431567077613,null
-6075830071787632614,731525
-8837768149898370206,null
6244798977129929776,null
55160781411619235,322108
9178137703613506502,null
2666932218407253770,680489
6110290476759937315,null
5759667550215539339,null
-4560373196585877815,null
-4359930969251628392,760385
6273825200979205657,523869
7650013903658649593,411651
1366873517329022745,200638
6606340447798937798,150096
-9108424305872665157,null
2091228826686504621,null
6888565187196817529,null
416595011038739341,160096
3945599359249923574,null
-5906389894621664989,321032
5777723606883947268,null
-2731608529365517388,null
2332201883046260475,511199
8491447573026108662,null
-7480098804620616553,null
-7736553512698223552,null
6376543747403758241,531925
-4990135781657788740,331065
2451398295134757857,null
7904571838160053304,null
8932407055081669864,650376
435345924324261801,null
7935698966268597882,641762
1167939739415460209,731536
-6020569888525911113,142084
8154942200294772044,null
5401705014854387591,750120
7293812871709194694,null
3020187088111738729,272010
-5401515117289177538,731792
8195006182377252620,311227
6077310555944562148,671446
-6835236200005558342,null
3547442263858262029,null
8195370474329226782,null
-8969285677380953151,null
-7769034891703767197,null
3338538105744970277,null
5030959043719948284,null
-3605255660709737271,166008
7964005359517832629,100080
6252234927686842777,655291
-1851071632390451408,null
-7094638366206043427,null
1352411677465109547,520248
3028396803302296529,550253
-7011264102869103611,670636
4029818176480776168,540310
-3565577228858748267,531172
8727604385292588476,671170
2177476407335522211,null
-2292551210714455086,null
1646946740713477985,null
5939122712098286086,null
-7637017835167458853,null
-6569122147950274746,511710
-620196505091769851,650141
-3115242167514607586,511762
-8407678914827545844,null
708045624948597087,null
-8998603098508985478,null
1520068636475746548,561323
214836965872147562,null
1630391958985037153,531435
4521031330210644935,731859
3107784240222593924,610164
7086470791918830228,null
-2006959701661198360,820659
-5437804010474281195,511614
2798120416456997945,471739
4378968656239326538,null
7204061480222047232,530475
-4290180276669620743,540212
4052240838178138283,null
6846671892359032197,640216
9145967096685240283,null
-6030640552763829918,640560
-3291166668992271339,null
-5312490251112509264,681118
833761463356537330,731839
1258143212058696122,150167
6180729364510735412,571268
135573211947266244,650440
2744735739241198170,null
9063122339764241644,null
3820939079908124054,null
4629887284547706170,333008
-1156205242664593386,820292
-8654358055388396418,761296
-1317667806353876283,null
5383933946622083683,null
4582663705494859262,null
7022470865302178694,null
-609885649982820931,null
3043749817379166022,510734
6599371199785003959,null
-6112325524391286463,100090
3251451698310866952,null
6668865840751750973,640682
-4184186001549803853,null
7944737130446017833,532006
-6256780541659691019,null
4880067082608412509,650296
2086570637468493860,null
-1221154288136807632,521351
-3351131584975638986,null
-7422912088654588470,null
-6514308180525028874,null
-9209769595510207947,731759
8205923831632508600,null
2616298974844062391,null
2794174115403067463,561256
798361251207097305,null
-6884317338684874190,null
4010658873715159398,462021
-1088691000825049794,null
-7934726725096393626,null
-4554470797163685290,null
-3619714763810977068,790417
1807633368558022050,null
-6338763193219199517,681135
5668351861679560004,731519
2260300705579444274,731667
2213886237079275524,080010
977649339002021924,751404
4331103015223285364,null
4201106043199423499,null
-7161224653348917876,820196
-4481583789494265889,null
1770012768229039819,571237
-4883436854026162725,null
3970616211418820908,null
-4932520654875905388,820638
-1720750800839630852,null
5214173660178175564,null
-6584562254912246535,681604
7075533525545311598,820226
3673992962448357561,751482
-8850463648297302070,760307
2089094510103309592,601273
1759021528756292623,790408
-3473627247241167144,null
2134267124303040436,null
-2795724647125076692,820650
1062635822170567778,820267
-8218022280333068223,731523
87728941339301967,544124
-6758618794936437559,null
4616071453612843925,601267
8779629127464916159,471765
1185292530421342969,760347
8853340079601829410,null
-1971230405763776698,730889
7083443192847267219,100070
5907556229418597963,null
-49431925073745324,141169
8431145095487394574,null
-6428766278218918240,441047
-670312881773536447,null
1708950538418228841,820302
9093999392908366352,681573
3339412849764445442,511700
-6252095870963931426,680809
4802843255436431228,550150
-6445634837728945400,511782
-8982298626995830952,null
-1736156297868938359,671455
-3707945347112603511,null
-8236712827391228159,null
9116686159906659108,null
-5333104441892630719,null
-2105579689146893533,null
1102254647760883679,670259
7537601794457154833,161011
6474847976463401069,null
5724652385009805553,null
3110296916990067469,521742
-4720442724908256513,641760
2829521478678459621,640673
-1283223636072131136,null
5432965600669100902,null
8331173314368110302,null
-8633869413546344323,null
2006892398472328495,null
4278622011664317355,411671
7779963231897311195,640660
6946872475959615474,null
-6226288753826122680,null
-8293208964040298131,null
5545685909716663847,null
-9118119400904182801,null
4797677323627642107,null
-8539628585629282804,null
6672267971678428008,103112
-7182806440034967261,790446
3132671813646272745,null
-4918968718103232969,null
-6236238957717426250,540119
2098591446962562446,731728
3475649691756736932,null
2670516993228609993,760674
3689363839458245692,750351
-8723925452579498193,null
728959799781635918,651377
5789500094338079786,null
6136511024095343573,null
-8488095167813387438,null
5703916533199507178,520519
1057832013545988239,131002
6376682898834062514,511108
2649871729860307944,null
-3344966370509333853,540334
-3259433109160803684,null
6676177965182161649,null
4146317551252337114,601057
3273749488436384954,310141
-1024478556627687922,null
6229868365633900768,570273
-7553802044987959516,null
-7101594155910779678,null
3274387514351777637,571448
-158191481905686784,null
3628970509569277431,730676
-8627743941602578811,760512
832578137135192242,null
1698528723058264588,681276
-388284912871938282,null
9055682198588572444,511458
-3253121604891399860,null
-7804595524211837874,null
1095583310048567474,522864
6365139603410953731,261008
-7845766487002569316,null
990171574600833352,640967
3134629479849404029,null
-6053409426346171541,null
-5054841138302053260,null
-2480367533242494475,381013
4507853243504716431,530997
7937413434671604294,null
-574397763282876949,null
6508501474689669412,161131
-2556673343764916321,540260
-139377943433960337,null
-5212184280519621520,750466
-6762782136747830129,540180
7613038022112618389,641865
-2638566310682300448,050033
-46764495215527897,820105
-2049222819028567797,null
591746526712414592,null
8636641087308758817,null
-5574453343905894605,591601
-4499037936597346959,null
3065028947850500548,null
9163788787775175757,750339
-5915422409239207521,null
926201063939203768,null
6998927476073028707,540210
-974604557859927460,null
7935775629097192565,null
-5571644015374876804,null
8732667368398862004,520166
-4812078826613553100,null
-8369101271138825310,null
-7881430146847706427,790430
-8671038269397426190,null
8907368030450004856,null
-3764287978266705247,null
-457770053037280121,080001
-8401863327263500297,null
2762526702853484920,164028
7186736794701402249,null
-2396114337658737411,641841
3370704596970237000,650445
2305394176833703680,681253
-5676299523890365696,670548
1700270333210640952,null
-2437634188305108627,750121
7757589339822289624,null
-2194731692068731844,521842
-6362615636203173154,null
6383519904827820189,120312
-3216571918853618720,751358
3981494673073062597,530105
8523307070125718737,null
-8514844293229926971,null
249883064074441664,731588
-6088189971079159252,540319
-2983568815902192090,510526
3795350560790597601,null
2548400507659502995,521723
-4978601383990440947,null
-4736384699891828644,null
-3243732441085816672,790451
5627305045467773358,null
6691704723569951083,730690
-3069750077406170255,731709
-5885021602856249759,null
3376016864184919214,462019
-1627490029147256664,null
2861385948091766567,null
8412274986087776022,328260
-4361923547378453172,null
-4402600725543151738,161026
2755558374070032709,521307
2942380403920314497,null
-4283088043647618896,null
-1784521583171975257,820624
4867268225474421338,null
1214165829249013243,null
5048034256092934299,null
178058868611616709,511561
1999051777010873226,657288
-2219444618079972874,671517
-6096353372624169888,681227
6624599992245434169,null
-5082794285359240032,null
3726061035341775632,null
-4149162341240626999,100110
-1406872414960801813,790437
6634734964707812538,121109
-4996562046314939792,null
-6458145103038671218,680817
-2492519926758067304,511736
-597606152056314281,731013
-4212233599076636443,540308
-169981799587164113,540291
-8361351016320453878,null
6336188030246800606,311194
4295323610606139066,731029
-6347716350721084270,null
-3620578202657445586,151104
7069614198819950516,100093
1222225847691423569,null
2174591728488124223,640659
3904226128483925761,null
8622753472170361737,null
2771188904300383041,544205
-5899692748451313463,null
6363752772273306684,null
6223897267543936890,820312
-2608262455774801769,null
-7576125255903459795,null
-153312160476637313,null
5291452792919365712,657290
7477439800658155881,211014
-2340011730535617081,571024
4524680876069345609,null
5820005572776993292,560590
375641678536819702,671488
-3094788538601096109,null
3032107533827503067,null
-3547788955602707550,310130
6930912621311807498,731549
-7757995192307467366,312101
2482209416093968557,731661
7509957098559948536,142054
3834316685597341701,null
-770770046002340966,544228
754211198213511336,640697
7857816854320295679,321085
1143187893537792929,731671
-2900222353243236514,null
-7707112922777883556,820603
-3293688446606350267,null
902733484221321480,null
-6141874971135444454,null
1286126658827579437,null
-727200750343274686,null
6761652453849146269,null
-5139667983101708458,561130
-7188537591333656044,null
8695997897195402844,530933
-4479679306802307136,null
5823012634121700247,null
1664641502468798379,540332
-1378539010616442135,null
6362947708748612666,731633
-8521322122706791577,751313
701289380131063586,731406
8046030404418534880,null
3261991069927904847,731714
1331727523751763118,null
-6706989451684637344,null
-1830784841623023180,null
-2186956921593563759,null
3531586397029454259,540306
7057012410441078384,681527
-8311880350678055652,null
-1722204692391831619,null
7218044050531185371,730687
775746435061601587,820602
6599630301059623906,null
-2872149860701999403,671505
-1361418464051739458,640268
5635624582681051548,null
-8646462364925838921,510624
-4523371456061038085,103104
-8418102658799369378,null
-9073222912897980865,null
5805032584526999448,null
-8261475884874347381,520499
7458785384011364522,null
-697378036736111332,760813
-6401593805296087347,530476
6740878301155304789,733897
2043465132731875524,820670
7199751778690001780,null
-3010409729111958817,null
-5627483400463542028,120440
-5066377412539278877,null
2804741466837619081,null
-1620045494996293338,571410
-1786224052135692826,null
-6013699961585679483,820288
4751159750951390910,529098
3077234623323173070,681668
1814740562764084628,370017
4260166494560017118,441065
-8935532146949730882,750106
3038150730575433405,null
-1990834914203744901,544117
4977103272700848319,681160
-873250280417415103,null
2273384652332730285,470630
1769390549066352293,null
-2576884388219822353,790443
4123054659880493475,null
-8431500878492862191,null
-6168477789508767665,null
-5550420494654334363,511564
-5283630976537820284,null
6007136292604731507,null
7987374607663219200,null
6566411060898301628,100108
-6295144863725972529,null
-5701998932044672854,530470
4090516886988233866,141088
5138671358575619038,null
2968462746435538375,null
-7791678076022630367,null
-1946132906840790264,641962
5183562664264453316,820305
-3137939144371438620,null
7272537343528910226,null
2216213810830034738,null
-6286535047138775602,511158
-4760072342179642879,null
6337835698756161162,541111
4042745307340956067,671401
6690454118033538204,null
4598502015128360933,null
7684769930014377881,null
-2808075222107004057,null
397694175868139339,311018
-5594449660740957699,680815
-5385175328974961117,null
5895768705467611971,820644
-3432372919354791481,141019
4398918748711049029,641212
-5585920619178516129,null
1877832146555490450,null
5362824910333498482,null
-1455331582587586855,null
-2120181734618473362,null
384351906017441407,671629
-5213625825917705006,null
-9117283349505172095,null
5032508465783703038,681559
-7233358480004252466,731721
-871849785371092869,731737
-1482392687731472083,null
-3578704055525919684,820137
-2262994727033236589,820126
-3939122373742265903,322112
-2892873685133069532,101057
-3544528341574652084,731701
-6746807255880519163,null
-4800359072640819021,null
8020619215681291102,null
-6998091279570393222,null
-801981946482460356,null
-9210902534230881953,571135
-7610695140955386613,640686
2279845106066342567,null
7938355727614156930,null
2205083555857240128,520475
793465743891678726,790434
8873105071504418668,null
4287137169512875972,null
-4736102959544071803,null
1525468642018441998,460187
-2535806966223148164,526494
7342754855691138940,650293
-1132487023140726344,null
-3135566114041408124,null
923583298388752945,null
1734662428272066580,731578
-4754875106296951416,null
6803502011771196210,730785
5513461673464349989,null
3137689576811602640,null
4365981037311879430,null
4079860099588207268,560700
-3048615464996834840,null
7652457195314605771,531373
4766955194924173268,540184
7482761134840340775,null
5256394855911640658,460807
-9167186813164564632,671603
-8342845691141577343,321098
4010580181775166208,161134
-1189602443174605033,671449
-7385539340187943973,432014
-3781280401974043136,null
9076279066283569744,null
5987420670263564201,null
-9124394243039970728,null
4342429777663982373,null
8979082385357957953,null
-3286810783683401730,null
3537332306565757065,null
-6575727385626721826,null
8449365155625547595,null
-8450639756522472771,641624
930818757574465901,540304
-1900228052048664532,760513
907993328636112909,310480
1450976966496928481,null
-8672147214620750012,520125
2623276194687797217,541248
-5892951063787863430,null
5688007397815132346,null
1871435458171532641,162120
7394502222795918028,null
127405518102070234,null
8410407792954993348,null
1747916632685137151,null
-2343522241181647153,null
-4683188052235924418,null
-8513725808946988959,null
7936064542349164452,551546
-2081170146993854723,null
-63701852592275387,641647
1881389909301535651,null
-8520097863844206699,520115
4135225053010479791,151035
-8081339831598203955,null
-4679939364146757331,null
3357674681824371911,null
264977403056445174,130028
-8861233274454066554,610150
3532119149233686605,null
-6047988728248595980,143089
6772642628093587905,null
-4486871513870050841,641844
7962693993283604796,null
-8822001300772078879,790410
3266685911422976892,null
8568639130163190886,511269
9036728198949862309,null
3746071661349291739,null
286312797882855648,531946
6876123539093549386,820259
8048967176076423414,null
2987292778221374191,121462
-1157431947087697768,681567
3632871808168501042,null
7824825596146527956,640655
2457586504055177313,610399
837685601222802427,681203
4609149439228349043,null
-4297259579380391282,820211
-7699530869444031121,null
-1510000961752261175,null
7297081184128657508,null
-3858242995880008746,null
6159541937689320459,null
1075881158904243067,641638
7354447583008291286,null
-759183133694398591,null
-5427383963344746971,null
8238137694074316408,null
-9197920939054225213,530364
-5780399023193548725,null
-5323373282484723666,522891
9199881008419919529,null
678390793416545652,null
-8385750065731368122,730693
-3582615884684430952,531159
4662490568566839931,null
-8117850429453127379,731775
-1111678903155766108,461116
-6968877420347209322,681675
-7392994129089291339,441077
2670850685399561728,null
-8816006137153389298,731426
-8537450951929556431,545121
-2277310762845213652,470748
7100762336564912788,731773
-2710951172720640922,642517
4487683729872893253,null
-4084411199854642639,null
-4029833439224922104,511204
-4192033690572607390,671217
-3168259910880823444,790470
-1421805823825343248,461208
-6549553400227124191,null
7125389070207651215,540272
1903147740588117163,511500
7548054236595511009,null
-4535041750617741663,681146
5574371830126660799,null
-3042375741020894865,null
-8519492966248067277,null
-1048934628593844203,null
-4610307893195147935,null
7483467252063853933,680810
5239981583548850735,null
2606953638221393473,null
-9011549594795002102,null
6333538184769231607,611163
-4563252318748658972,180231
9063355600704326104,311060
637229790413002006,null
6232694537869903509,null
2952709114816903437,680686
-565385784121409059,640669
6058003395031645214,651188
7780985127789960905,null
2114246725808277307,null
8335430042935703707,null
1253658635649074430,641640
-690085693471982130,511216
-787126114166083763,529497
-8722342786033460773,null
-3644437693243703446,null
-6376610888074596908,752306
9099007033726847995,460094
-2668978997983518112,820172
5797061609132381409,161113
-3013788825584003315,null
2022705426958756303,611328
-5019325019112181089,731579
-1264466976668601384,640986
-2476729093861184767,600354
-3618850129311515368,760441
5266888740623501062,680687
2400317848130200046,null
-1917148074683122426,null
-305121385028962144,671225
-6423185419392609355,null
-3763424112284325000,730689
3469186802242867513,320004
-7972905111518184082,null
-2078693908612671316,null
4449816522129487177,null
-8974956397978226414,null
-8613519413566140274,null
6866037949006971835,null
1929173743973611838,null
6202715127255657638,null
9179363441201654079,820672
-2950496054688741284,272002
3929177461973246385,null
-3674353614243816119,521856
-7717227867184079304,null
3960051763644086657,571290
6836435582853353400,551257
-9119164903555664710,null
6996980904943949374,null
3421133772820144948,751484
4151553102968530882,null
8825291302657238691,730768
-1996347163677090438,732892
-6715707076895630733,null
-10904159783489112,null
-1247275007250767483,null
-8474383746461995496,151070
8488278724621223827,null
786008892903986821,null
-333639849721748432,null
-3948101724091664288,050004
6288545806527454937,null
6167142760913546242,null
1075945102731448307,671234
-7224375075854677885,null
-1435620014476034318,null
-1026077919002339642,null
-1317344062925052874,null
-7457902237807743645,750361
4851190107949734836,null
6860279475658631942,null
-5157249382366448146,null
1696970750750928810,671422
-983150097334207843,null
-4213845173872091633,361002
2065724489028590837,null
925806219277771933,null
-986270412089714289,640667
-4835514649718989346,141157
3598041798993216668,750463
7902660802780162793,null
-7030449226174186805,141129
2745668558715704657,null
-3844687654861130630,null
1429277465925231599,642712
7017314435481892536,761419
-298235933237406328,null
-5813159302732671625,null
-2464681720627498805,null
3356006778092517733,640674
5486407684825153015,null
-7262385107521510004,null
-2350297283050592046,null
-9210815182271943369,null
-4138523093150609882,330039
-7408140181995894084,null
-3041954615620599007,null
5994517872439625427,520890
-5065074142411228805,511257
8500159602725669080,471761
7621842227248574536,641702
-8257825266160315868,820121
-4756432733808831810,310190
3752818682967967181,null
8782412031796311857,641601
6003663882190024287,731786
7965815993056432136,null
-5164595255012488639,null
-7918167496992865651,471772
-147394068862341410,540338
7966135133219390128,671651
-5698428156254915402,760429
5920714599267084459,152126
5611614686849166328,311010
-3174962117253040334,681621
-9022609546358314708,null
3878870825051320482,null
-520339784998899693,null
-3418826250825359312,null
-86033900783120729,null
5944579256992104666,382114
-7042653825958163583,null
-1048277807981039341,null
8036194272475141804,331006
8528111847035396202,null
-1650536484043831659,820682
-1097246797883945016,null
-1890895237061053545,521494
-5692094655329108020,null
-7001055324419622554,null
1232415203741241636,null
-392570126612410055,null
-1065978777243490974,540259
-7725442109117459619,null
-7744722768934587623,310138
2864109243494836747,731757
-5364301630862501877,551238
8468552646199420372,null
3932633304778838394,null
4642862807917632582,671468
-7962634496376932944,null
6088307363755838149,790439
-6362259894087701458,null
-3960172669138033111,680787
2578621860869785622,null
-3656318276460340365,731371
-1731058865321924128,511631
8124381164061422826,681611
6928013320845953396,651644
-1729986241023714774,null
-4425014283741275140,null
-8732791952516181056,671524
-7926969655352729711,540185
5254825783756858286,null
3405720635295958663,null
-1794636736895555043,121455
-4850964038311988896,731748
-1421452850087983164,641764
203830078719853108,320116
4159805740164845553,null
8335206818088075893,null
823336844096221158,161051
3426040081757635485,null
7453380098442425161,541233
-449176862077435525,null
-2396064196276470484,null
43430855299410149,211037
-1653113793847316844,820676
3786143223157769878,null
-9166896992228432745,null
8905567944824761623,820314
-7783140750730782506,761124
695814216948787800,null
314966019260087200,670547
-8836647613585181128,731656
-5942291983777408920,671533
1855618787221672464,540301
-5974712537908936934,640675
-6113700174237678549,540203
-2469246835605601764,681762
6289134287159060867,311146
9017667739982376516,511773
5313794422196084803,null
-8860553184468108071,730887
-1871226472066360569,750501
3397581965376047677,null
-6730804974945151045,272031
-5206848448906147678,681513
-6413852546261090847,null
3525466797569710965,null
-6502705150778982594,651412
-8868682578401363419,null
526622983781333776,null
-2119769046292425637,null
7957701184842064917,null
1969909226129070137,null
-1132043313738417933,511757
3470611240423089701,null
2474862005257306787,null
8625392868407746921,680692
-3130730276468029411,750591
-5670775196303704039,101073
-538664910692526910,820261
-4778400490636844858,651622
-1276245821332984754,null
-9101599876654857003,561352
-7500604044345884113,null
680288071504229274,null
-5585308779265942087,null
1095005340854110463,null
6968482628288798352,820256
-1053323723407074155,121413
-2481174632736632382,null
-4329998299320255772,null
8127606769767765784,null
1822271535278860563,650292
8296498143441851175,null
3489558423488963351,null
-8537333306106101782,820222
3094125958985808107,760426
-7593044394867869118,null
-3933249976292584376,651154
8215552465327448196,null
5213712931214163820,560455
2320598137990340731,null
-8477061929508399803,null
-8997549726429281547,461215
-4753942665303542028,463029
2455300488306727969,null
1638032164587433316,531567
5771157250781527446,731527
4696174063576890391,561712
7166977234963006815,080334
-4823474284805764383,640676
-6781668304994691192,820162
5346998039504891268,null
-7820799061971650039,261006
-7913327199431923665,null
3169324633137347266,null
7239250823628903598,null
-4141051567097024176,730181
9130469553596744553,671541
2060580067663484093,null
2253135601026781828,null
-4946804291777078006,824170
-8755488771124217913,521316
2502594557668860598,167008
-2393904316708669219,528497
2981174618894638488,null
3584801436682506613,511441
-8391710007841448484,521203
-5515648970998257138,null
-5358762303942987549,null
7715165340332896779,null
-9004581539150834957,790472
-3913412913359855831,null
-3202769776539355970,null
-4100150101715908686,null
-3806029908308022043,311110
-7552492512342639406,681486
8883357326429596015,731358
3364803474057775251,null
7327876902995269295,null
396676066242038524,null
-6328718940493719067,271005
743343849358107920,760925
1843183850528650468,null
-5199140150356941364,640183
-4641565155097084645,640196
8519893725096436604,560260
-7356583838689917551,null
6514227412787868517,671181
8866899297680923781,820217
1406565395637128966,681429
-3540898106144550049,null
-7890894264187681049,null
8692573198965859968,750108
873000493749255423,null
1286821551527322553,641635
-5665343392266242284,null
6229262374367815849,null
-4576722557843151755,540217
-937752581850881871,731846
1316954931387407463,540321
-7432579784734414385,731605
-2045544035421831051,null
-8151469797668649975,641629
1374005651938294208,531566
9178540914838650694,441012
6573421979890543226,141161
-6729811353954239580,null
4408086770054724024,null
-6310128012936922395,521359
3047034050419539432,null
-8183589332326124928,551410
1765315643925428973,200808
-3843843739892911496,null
-5832901034311515006,null
2763894115233036587,540313
194398355587918964,null
-3543500657832325752,540275
9116533121756744269,null
1954450796794465043,null
7067439388538531469,null
45405729668589578,543190
-2224686866423115997,641691
5457573694066870514,null
-4058927239580326816,null
-844333750513392336,null
5730317710401135568,311171
-2280137202124282767,671510
-5431109420618945920,null
-6158923924198074100,121309
3116204586950903626,null
-2835700032488526890,null
2043344662327063441,270024
-8678653873400468031,null
-7614168036964837600,null
8517921342120635606,440089
-8929735404377692069,null
6515321629397136931,641528
-7981449067295840519,761848
-9121429935422466483,null
2710239043566887629,null
-5758984669043829715,657289
3916205303739217463,null
6876505380166559170,null
5130714363061901191,540279
8565937297554883086,731874
-87762346255421665,null
-5846937456928998444,null
-8861303278748818890,730694
-5137336436389635617,380008
-4931582378103524497,null
-3630671167553815452,null
-8168239654023748151,750365
1379803043141784923,null
-7036052945363137536,null
1365619814533143035,521727
3759709840124294320,null
-8186707474848889727,null
-4959762212197822029,null
-5728749300303803611,null
3970557163354791443,511555
8228899240605246761,null
8411513081517974240,null
3245175495816892086,529096
1811158779885657916,null
-1487380022688897313,null
-8945997891007037682,null
-2469830411138701090,null
-1821114295910496282,null
-7983004674784106948,530376
-3736364138107502702,null
-3615817988850008960,640664
8774690604071141633,null
3261568936097434535,null
241236219843478843,null
8829910482051077289,null
-6707639229117048952,null
9162983206076881242,null
-6754388599971370736,null
5999457872442228841,null
-4314212712621761747,681445
3647253442969444077,671163
5010702457682798685,null
-5147245902400068684,null
-8530064092366890318,null
-7925284548209331647,820168
3886109830559537890,321078
-3336867683971383115,731788
-6033959030506675981,null
-2677773435142014110,511744
-5841404091277018878,null
-3910208130057365973,731034
5369275897946585252,null
8468226735201975301,541156
4234242926193584332,null
-4238647319724576313,790441
2596688198633770455,522859
5942229291349751644,681462
-4570752480319536658,610175
8038050639611110546,750504
8363143256903970044,null
3387582173686673666,751306
-5592598124775878924,570320
-2529999349782609885,760506
1096064569157155928,null
-2376445863383606008,381098
-4830380199103841181,521921
-8672434342757562549,600061
-3418690657333936419,null
-861199196725552725,571207
-969957854694107843,null
-7827147104887970764,null
4997082481119446325,521374
2187477171279998147,272008
-6924302903317907899,null
2415654967087569361,null
2504037760186068934,272013
8982989117613661496,null
6575109761218056391,751336
-3837565641249365033,null
3428826622483815836,671476
-2635316097809684069,121416
8002506468293535095,null
-7647395443225544141,750115
6865677499704707695,120208
-2473004491634824659,681678
-8060136947564492985,640901
-241639865113147107,563309
-8504190116471786336,null
-4877392194519811419,731644
-3109233980117781690,null
8386194962446425713,null
7747358051915737751,311233
8154423429651863927,null
-816190520080221577,311035
4578748226945275784,null
-7536395854832773825,null
-4920802596485930685,550264
-8667695765214101983,null
-7444201771371376634,531166
574556637637088817,733895
-7482242032135641109,null
-72798763844158529,540318
1665929349467958606,null
-6333227676227153288,272016
5727022272173032154,null
1469962101371180811,650453
-2075981058900378980,null
-7297849598881126173,311161
5190324728349703868,null
2008942188611302333,544226
-5409778949241345239,555850
-5714874557933730441,820326
1028301123142942546,null
-8568583872042246682,null
4349573355888352225,731823
6896431509613405283,null
-7958990328142233150,null
-4912205662897730029,null
65797949483680660,731824
7041679478801222651,520518
791391000747967846,null
9077540587279367269,null
-4055508917780955182,null
-5580728279735752294,160126
2450961045664340809,null
5646366164161122471,null
7550012345622698534,521730
3123579862230281027,null
7407955247467876113,null
-6539492005513234191,null
5014150537077523103,null
-5480876977379697230,null
5543426643849800792,null
-4586730699933398416,null
3201177937314842317,420002
-1817815125422008984,null
7238326019927771538,540299
825287553696384718,511245
-4767549453945131487,null
-4206203388699110680,null
171424317922385100,671180
3787239040797993865,165018
-3488176318561156320,null
5266644453283090561,null
6089793180196736908,731614
428898758652289630,null
7245117328237132379,null
-617103727078263437,522136
-7802453550194559272,640271
1187767248210622863,161125
8696823200870386893,540326
-876399176275068856,750354
5248640798456526610,540289
-22494122320403665,null
-4561028162409370608,null
3378784270822986554,null
3812091661042878167,null
4407618096523703339,731630
-4759526364562878558,null
5342226241435580014,731639
629315135638312376,651285
4931735765554486450,731354
-7949434206996335609,null
4764929563976497212,null
-7286713141252636586,null
467487047000747989,730686
-897986480265308179,null
1812258155776846521,681552
-1839952404738574272,null
4024819491713321903,null
2502454888780142387,null
7710127598714572876,820661
-3275325808806762306,null
-90902516661049349,null
7504042391977706362,null
-7868124674122705357,null
3199047514269499357,null
4985819674177513721,551542
9052462300409209213,541102
-7282110236462877415,null
-2898772485255469754,null
-3808884244933558764,null
-3609788983945679677,null
203346758389900535,null
-980073223186631656,null
5004079128940214940,540160
6222803426989490391,524492
-6470492051442815793,820166
6585845950095677572,605287
6559565997524987459,511180
8698395707925168684,null
3333245422592450708,null
-1384353022279623479,730570
-227617989974969228,760671
-6825551051461596057,120311
-2721767483537572006,101078
3047996368259844354,540267
7542173686454341078,392011
-7578362116251978359,521331
1233098477467354631,null
1908631641147118749,790413
-2083456859855804806,820194
-5367555574847521482,null
2550198743930249434,null
116595040587914946,null
-8610281325131399106,681450
4888396061782090582,null
-690361993592204895,730783
5905942720780237999,671525
5346399917759842336,731516
-933914257562090361,null
6750578633969523968,null
2948173308407266864,null
-2696142563789632843,null
-5406562331121910646,null
3431689765306289434,null
-2655872731179643181,731766
3464493599963879348,null
2176260046964678064,541142
2429891293499815530,731747
-1992880032244295373,380118
23608734641396961,null
7814808107939035706,null
-5359592350687216756,null
-8139303542566139239,820174
-5347163505166780138,820266
-7305431595462379807,null
-2659610339145514383,152002
-5749600808712791625,521366
-5451004335871322601,null
-5274722164818824558,540204
-1969789047969126437,531971
2821638019542998285,820107
2503497288140202389,312078
697053882293770592,null
-4642894753325930676,671616
-2596425646943703530,380005
4514233515637844075,null
-8277894998161475420,670443
3970229413970359420,820663
3906870959752293999,511220
1443909026494371523,null
8002340789074771095,731718
5226539617780275628,511225
1311745178195175642,680165
-113252148752418397,null
540400249161797133,null
3187217115447750891,531559
-6180574646239481680,751325
5089173649561015563,520515
7793526438649131507,401031
8635732910899905099,null
-4753797325852467379,571263
587726631457097460,null
-8549087316855327834,null
-1783809388280798993,751481
-770027718147225677,null
7289322739378400566,540208
-5655999274542894713,null
-5481156927510519033,null
-1665201865953940854,null
961195436643064320,null
-5834801479154730917,531955
-5533759528213572101,null
-4364333504209628367,540325
-6511937633961866493,null
-1244114405899235337,null
-1376827205172356829,null
-8654382362282543370,null
181509251928298030,null
-1462539978871382981,672259
-6439816470598400685,820233
-7843729652580425644,820201
-2647523709635758840,null
2837604403920806976,null
7218640619531578080,681343
5569501044937726111,null
-728408301227190973,null
-2085306303547904238,null
146570309109435943,471612
-8349316654674645614,null
9130268604279415923,680805
-791660693794637914,null
-7054823335995123556,null
693168936802357834,681502
1481778675035690452,531919
5432724557509372011,null
6941660714965793984,671537
8355902163547292302,null
3040080775614419063,641821
8952599923474786570,511521
4718264801502695809,null
8421742568909570714,082001
5049894584675251991,730574
-1647077697548633235,null
4246186174842148222,731626
7195774490878067813,760333
-1961453761979583289,null
8684888764554839084,651505
-7047420510365412508,null
-6518718101198821588,null
-1052762611937711145,571167
368976799972627001,671480
-6365247399266570164,null
3449656756457319186,311011
5537313730422774774,null
-8743658771863596484,820616
1876129797533027223,null
-4799341939630277696,null
-3625352825603302162,601063
-4272977702001967324,820273
-1387186375795897989,null
5271719340513712390,null
-8338802781700135436,null
5569910223985525732,681287
6880697228360295351,731413
-229513162639329860,null
-1955385259979953540,521354
-3327963280403881689,null
8043740106279038716,682297
2698915791555029171,541195
-6733671716612010782,null
-4426774853503430800,null
3610292151243252641,null
680094677326536268,null
-5222007504720705290,null
7286365470449890324,142060
3025331119350488487,null
4519404761206967804,671185
7581301238790090542,511142
4623504556582533719,820322
8255096166679952179,null
3508461525272931262,150073
-5823858939536854846,640990
-176030010458373415,null
7555310549990533103,681669
187539912660269417,731421
-8976471008698045563,531838
-3184327185443091009,523879
-5509670484160503695,null
-2714028902985576937,null
-9159030588385569614,null
-8947890052646417855,null
-1449522618839511763,563308
-3953894490211540635,null
23891929704825075,null
-268081850313753648,null
8808783778695684684,null
7790285704728585449,641692
-4124004616905825695,681158
-5623846468798484162,601274
6241545780623858543,730900
5435871553832247186,681474
-2927004402473724232,540269
5571954482257575813,null
-3273022920902836245,null
-7168882553129127510,790448
-2206479764810196221,151088
3422528471799521766,null
-1089477797133175804,null
3274544369141990434,681483
-6896789217156969460,050335
9007073505770964601,null
8483945064771857248,651223
3500764799075502820,null
4321567994801233006,null
4646645944326168903,540270
5890851463793680782,null
-2822957652065878797,820175
-8280243973654676947,751316
-3288629800857704868,null
2693874727559567037,641734
7465710210812602757,541256
2762878166699142166,null
4159724153743350619,null
3421834173512873342,511747
-1510703075240166092,671152
5324772848328201696,null
-6942695129533515019,540164
6429734752069082896,null
-8370961659686863349,540293
1735711312843915278,531465
-1382253765392940672,null
4628654432760758965,null
-7819534610429266130,null
7841811805036428975,311120
-6788572949935671093,180270
-5148052125815759806,null
2881351222434624175,610331
7149235851465065380,null
-5607721125239215750,540273
3023459360473857737,null
-1863749765782841929,820678
-5847542113504980865,402002
-162018980787618626,null
-2035967639767974328,521866
3923251824792677712,null
1540413378133953785,null
-5121855033732075791,null
-8158033012029942735,531941
2997181634930840299,731678
-3559582872809990153,null
7443623315092031382,null
4550677979455841475,null
4451573472097615492,546122
6348179267060236802,null
5878467102817034965,101088
-6267994052872631540,null
-4445314379676417291,null
-5153828759219335383,null
8661279903498557064,611346
6413107738869489722,null
-7488012859991899241,null
-1953345904066479962,605286
1824168346460722574,null
-63044570020455837,null
-7113638078551402697,820109
8591970573831103400,790404
-8286341772487970628,null
-4774253422346971186,790468
-9104774698341555826,610364
-9188363970382383255,null
7618403908908863298,null
270890930606490433,529398
-5581253999313425728,540277
4655867555171638259,null
-4301677051310596330,null
-7183932385907636551,331060
1929018595819093221,650194
8333171800161028641,531576
-1182536490222412192,null
-4137937381125355334,null
4702437688179248065,null
3372432710882031968,null
-2476767918114733147,671625
-129093355415144224,161117
-7053389265696702143,131012
7327431773889478740,731608
671075193823482993,651241
5452536817418258203,null
-4801314858642158534,null
5285114724922190215,605285
-1182943522198637165,730780
-2260699778010808866,null
-2834678495429898732,820213
-3889859564606698226,541103
6994709598440568698,540281
8174945453903756778,null
-7300981151125596542,null
-4698121874888245984,640648
-4213228522671405839,null
1999683084723753354,680303
6375021365377345977,null
3191846270160790187,529095
270898751121753785,null
-3195009083710033948,null
8970448509379334483,760334
-3170791038037257646,131019
3894216428457193640,751476
8765731223743266625,311093
-266441354895729538,null
3534341829466575665,null
3937499097783969247,null
-1132734444889522948,670634
-6276011870929222410,164078
5340460694041069742,611155
5971008777990234011,050335
4795773769340872622,531966
-8317614893832180695,null
-3250973879196421697,null
284403525471919961,null
5849202054377339520,510530
-6515506037888636768,null
7031683751107873905,null
749840364794365750,null
7763629561596714408,460010
-2648269507903514777,null
-5756021971365614932,null
7804404548764593935,820270
-4836963202938936020,null
6028786917276981220,760317
7178175133964685117,640276
3049463806801442261,541146
-5072333784002618384,121318
-4999569350783249544,null
-1613721377945023682,null
5427705364280296971,null
-7098662733349191749,751322
-6219832188018532400,null
-7431371650402036067,null
-520545337340358865,760673
-4978930626910666552,120441
6327738058652445986,null
-2180572652140057404,null
8474986369925697183,null
3325551289239906200,681708
2052239111565877346,731796
2943526967377180726,null
5225296064181361630,null
-5764466738010194237,null
2988417138873383000,null
2852126348936960801,null
6647900883911789288,563316
8648961495268683451,570282
4761142520193643888,null
-1164619842161161853,null
1005115133152171356,null
4509158921685062605,651395
-5651846917338947017,null
8422620879416805681,730182
-31707840240141256,731505
8880401494862857905,null
1358157965129800824,820171
839262627259613160,731586
-6156797961636043982,null
7665991651819601615,null
-3438481940979717030,730185
-6411443115199545824,820204
7572480905476131514,null
6868658929742960299,511272
8720835107953767865,null
2251691070449939338,313084
2173022515534243514,null
-8591301164751947026,210678
521993500608679034,null
5639720430926080900,820308
7253586238419014028,101048
3434880273649961442,611115
1399391700919966978,null
-7553159959768697946,null
3120000752791791036,null
7676364594917746643,null
4226429044474107901,460220
-7449321562176171514,null
4886208146319100819,160127
6536906751388449076,null
-7858341366873402675,null
1311480265228269411,null
-8596834270763776615,null
7084299476307191451,null
-2962361847576833627,511718
-3742514800105604002,null
-8334752368061242487,310260
-1345567222590788834,null
-557408004594727726,null
-2783963375878037593,null
5232893676428481671,671453
3543868022622997689,null
6263499357026103315,null
-3909410557346878026,null
-1379887157763426394,null
-5209829846884261063,731554
1158466244261240946,null
5956841082507914347,551149
-6500721961191534991,null
-2880648657930685457,null
6677646851231076372,null
4801193551586674036,null
-7649445953596540902,441016
-3913956584208498532,null
100506444471211216,820301
-7716873789231789202,null
-9210126744353031211,null
-6036731716477802312,null
-2833086505699044258,730782
